MinW::undirectedGraph_HEADER: 

BEGIN::NODEDATA
0 -0.911783 0.630246
1  -0.862727 0.630161
2 -0.864749 0.517395
3 -0.736936 0.510813
4  -0.532389 0.467355
5  -0.329208 0.466952
6 -0.592668 0.357323
7 -0.473865 0.350944
8  -0.662427 0.204046
9 -0.740991 0.204046
10 -0.743397 0.365535
11 -0.733044 0.106364
12  -0.807137 0.112427
13 -0.329208 0.204046
14  -0.0700987 0.466099
15  -0.0700987 0.601056
16 -0.191129 0.602378
17 0.0518394 0.601897
18 0.312717 0.462855
19  0.311047 0.514149
20 0.357751 0.424709
21  0.423665 0.495435
22  0.588978 0.4933
23 0.52766 0.24702
24 0.533747 0.113083
25 0.591914 0.113083
26 0.534964 -0.0426643
27 0.724239 -0.0433379
28  0.536985 -0.176032
29  0.392407 -0.176032
30 0.536514 -0.228458
31 0.724239  -0.13574
32 0.757565 -0.13574
33 0.724239 -0.228458
34 0.690354 -0.13574
35 0.724239  -0.274156
36 0.724239 -0.415606
37  0.724239  -0.543887
38 0.187599 -0.543887
39 0.187599 -0.398441
40 0.279683 -0.398441
41 0.279683 -0.0426643
42 0.360398 -0.398441
43 0.451118 -0.313529
44 0.552772 -0.422275
45 -0.0710298 -0.398441
46 -0.0700987 -0.594006 	// 学一食堂
47 -0.0700987 -0.280351	//图书馆
48 -0.0700987  0.0803862
49 -0.0700987 0.330921
50 -0.0700987 0.204046
51 0.212616 0.204046
52  0.279683 0.135443
53 -0.345422 -0.398441
54  -0.448245 -0.398441
55 -0.345422 -0.502011
56 -0.577215 -0.320484
57 -0.641891 -0.287834
58 -0.767813 -0.214164
59 -0.820818 -0.180805
60  -0.00466602 0.0803862 		//公教1
61 -0.00466602 0.330921		//公教2
62 -0.131273 0.0803862 		//实验室1
63  -0.131273 0.330921		//实验室2
64 -0.329208  0.138389
END::NODEDATA

BEGIN::EDGEDATA
56 64
64 13
48 62 
49 63
49 61
48 60
11 59
54 56
56 57
57 58
58 59
53 55
45 53
53 54
41 52
51 52
50 51
13 50
14 49
48 50
49 50
47 48
45 47
45 46
39 45
43 44
42 43
43 30
0 1
1 2
2 3
3 4
4 5
4 6
6 7
6 8
8 9 
9 10
8 11
11 12
8 13 
5 13
5 14
14 15
15 16 
15 17
14 18
18 19
18 20
20 21
21 22
20 23
23 24 
24 25
24 26
26 27
24 28
28 29
28 30
27 31
31 32
33 31
33 30
31 34
33 35
35 36
36 37
37 38
38 39
39 40
40 41
26 41
40 42
END::EDGEDATA